-8.408203125000000000e+01 -1.209960937500000000e+02
5.566406250000000000e+00 -1.209960937500000000e+02
-8.408203125000000000e+01 5.302734375000000000e+01
-8.408203125000000000e+01 5.302734375000000000e+01
5.566406250000000000e+00 -1.209960937500000000e+02
5.566406250000000000e+00 5.302734375000000000e+01
6.591796875000000000e+01 2.900390625000000000e+01
-1.444335937500000000e+02 2.900390625000000000e+01
6.591796875000000000e+01 -9.697265625000000000e+01
6.591796875000000000e+01 -9.697265625000000000e+01
-1.444335937500000000e+02 2.900390625000000000e+01
-1.444335937500000000e+02 -9.697265625000000000e+01
1.409179687500000000e+02 -4.599609375000000000e+01
8.056640625000000000e+01 -4.599609375000000000e+01
1.409179687500000000e+02 1.280273437500000000e+02
1.409179687500000000e+02 1.280273437500000000e+02
8.056640625000000000e+01 -4.599609375000000000e+01
8.056640625000000000e+01 1.280273437500000000e+02
-9.082031250000000000e+00 1.040039062500000000e+02
-6.943359375000000000e+01 1.040039062500000000e+02
-9.082031250000000000e+00 -2.197265625000000000e+01
-9.082031250000000000e+00 -2.197265625000000000e+01
-6.943359375000000000e+01 1.040039062500000000e+02
-6.943359375000000000e+01 -2.197265625000000000e+01
-4.658203125000000000e+01 -8.496093750000000000e+00
-1.069335937500000000e+02 -8.496093750000000000e+00
-4.658203125000000000e+01 -5.947265625000000000e+01
-4.658203125000000000e+01 -5.947265625000000000e+01
-1.069335937500000000e+02 -8.496093750000000000e+00
-1.069335937500000000e+02 -5.947265625000000000e+01
1.034179687500000000e+02 1.415039062500000000e+02
4.306640625000000000e+01 1.415039062500000000e+02
1.034179687500000000e+02 9.052734375000000000e+01
1.034179687500000000e+02 9.052734375000000000e+01
4.306640625000000000e+01 1.415039062500000000e+02
4.306640625000000000e+01 9.052734375000000000e+01
2.841796875000000000e+01 -8.349609375000000000e+01
-3.193359375000000000e+01 -8.349609375000000000e+01
2.841796875000000000e+01 -1.344726562500000000e+02
2.841796875000000000e+01 -1.344726562500000000e+02
-3.193359375000000000e+01 -8.349609375000000000e+01
-3.193359375000000000e+01 -1.344726562500000000e+02
-1.215820312500000000e+02 6.650390625000000000e+01
1.180664062500000000e+02 6.650390625000000000e+01
-1.215820312500000000e+02 1.552734375000000000e+01
-1.215820312500000000e+02 1.552734375000000000e+01
1.180664062500000000e+02 6.650390625000000000e+01
1.180664062500000000e+02 1.552734375000000000e+01
-1.309570312500000000e+02 -9.287109375000000000e+01
-1.350585937500000000e+02 -9.287109375000000000e+01
-1.309570312500000000e+02 -1.259765625000000000e+01
-1.309570312500000000e+02 -1.259765625000000000e+01
-1.350585937500000000e+02 -9.287109375000000000e+01
-1.350585937500000000e+02 -1.259765625000000000e+01
1.904296875000000000e+01 5.712890625000000000e+01
1.494140625000000000e+01 5.712890625000000000e+01
1.904296875000000000e+01 1.374023437500000000e+02
1.904296875000000000e+01 1.374023437500000000e+02
1.494140625000000000e+01 5.712890625000000000e+01
1.494140625000000000e+01 1.374023437500000000e+02
9.404296875000000000e+01 -1.787109375000000000e+01
-6.005859375000000000e+01 -1.787109375000000000e+01
9.404296875000000000e+01 -8.759765625000000000e+01
9.404296875000000000e+01 -8.759765625000000000e+01
-6.005859375000000000e+01 -1.787109375000000000e+01
-6.005859375000000000e+01 -8.759765625000000000e+01
-5.595703125000000000e+01 1.321289062500000000e+02
8.994140625000000000e+01 1.321289062500000000e+02
-5.595703125000000000e+01 6.240234375000000000e+01
-5.595703125000000000e+01 6.240234375000000000e+01
8.994140625000000000e+01 1.321289062500000000e+02
8.994140625000000000e+01 6.240234375000000000e+01
-1.845703125000000000e+01 -5.537109375000000000e+01
5.244140625000000000e+01 -5.537109375000000000e+01
-1.845703125000000000e+01 2.490234375000000000e+01
-1.845703125000000000e+01 2.490234375000000000e+01
5.244140625000000000e+01 -5.537109375000000000e+01
5.244140625000000000e+01 2.490234375000000000e+01
1.315429687500000000e+02 9.462890625000000000e+01
-9.755859375000000000e+01 9.462890625000000000e+01
1.315429687500000000e+02 -1.250976562500000000e+02
1.315429687500000000e+02 -1.250976562500000000e+02
-9.755859375000000000e+01 9.462890625000000000e+01
-9.755859375000000000e+01 -1.250976562500000000e+02
5.654296875000000000e+01 -1.303710937500000000e+02
1.274414062500000000e+02 -1.303710937500000000e+02
5.654296875000000000e+01 9.990234375000000000e+01
5.654296875000000000e+01 9.990234375000000000e+01
1.274414062500000000e+02 -1.303710937500000000e+02
1.274414062500000000e+02 9.990234375000000000e+01
-9.345703125000000000e+01 1.962890625000000000e+01
-2.255859375000000000e+01 1.962890625000000000e+01
-9.345703125000000000e+01 -5.009765625000000000e+01
-9.345703125000000000e+01 -5.009765625000000000e+01
-2.255859375000000000e+01 1.962890625000000000e+01
-2.255859375000000000e+01 -5.009765625000000000e+01
-1.122070312500000000e+02 -3.662109375000000000e+01
1.461914062500000000e+02 -3.662109375000000000e+01
-1.122070312500000000e+02 -1.438476562500000000e+02
-1.122070312500000000e+02 -1.438476562500000000e+02
1.461914062500000000e+02 -3.662109375000000000e+01
1.461914062500000000e+02 -1.438476562500000000e+02
3.779296875000000000e+01 1.133789062500000000e+02
-3.808593750000000000e+00 1.133789062500000000e+02
3.779296875000000000e+01 6.152343750000000000e+00
3.779296875000000000e+01 6.152343750000000000e+00
-3.808593750000000000e+00 1.133789062500000000e+02
-3.808593750000000000e+00 6.152343750000000000e+00
1.127929687500000000e+02 -1.116210937500000000e+02
7.119140625000000000e+01 -1.116210937500000000e+02
1.127929687500000000e+02 -6.884765625000000000e+01
1.127929687500000000e+02 -6.884765625000000000e+01
7.119140625000000000e+01 -1.116210937500000000e+02
7.119140625000000000e+01 -6.884765625000000000e+01
-3.720703125000000000e+01 3.837890625000000000e+01
-7.880859375000000000e+01 3.837890625000000000e+01
-3.720703125000000000e+01 8.115234375000000000e+01
-3.720703125000000000e+01 8.115234375000000000e+01
-7.880859375000000000e+01 3.837890625000000000e+01
-7.880859375000000000e+01 8.115234375000000000e+01
